NVIDIA GeForce RTX 3060
44.581,57,2002,7300
44.581,57,2002,7300
44.581,57,2002,7300
44.581,57,2002,7300
45.535,57,2002,7300
45.535,57,2002,7300
45.535,57,2002,7300
45.535,57,2002,7300
45.535,57,2002,7300
45.535,57,2002,7300
45.535,57,2002,7300
45.535,57,2002,7300
45.535,57,2002,7300
45.535,57,2002,7300
45.535,57,2002,7300
45.835,57,2002,7300
45.835,57,2002,7300
45.835,57,2002,7300
45.835,57,2002,7300
45.835,57,2002,7300
45.835,57,2002,7300
45.835,57,2002,7300
45.835,57,2002,7300
45.835,57,2002,7300
45.835,57,2002,7300
45.835,57,2002,7300
45.835,57,2002,7300
45.835,57,2002,7300
45.835,57,2002,7300
46.101,57,2002,7300
46.101,57,2002,7300
46.101,57,2002,7300
46.101,57,2002,7300
46.101,57,2002,7300
46.101,57,2002,7300
46.101,57,2002,7300
46.101,57,2002,7300
46.101,57,2002,7300
46.101,57,2002,7300
46.101,57,2002,7300
46.101,57,2002,7300
46.101,57,2002,7300
46.101,57,2002,7300
46.101,57,2002,7300
46.283,57,2002,7300
46.283,57,2002,7300
46.283,57,2002,7300
46.283,57,2002,7300
46.283,57,2002,7300
46.283,57,2002,7300
46.283,57,2002,7300
46.283,57,2002,7300
46.283,57,2002,7300
46.283,57,2002,7300
46.283,57,2002,7300
46.283,57,2002,7300
46.283,57,2002,7300
46.283,57,2002,7300
46.283,57,2002,7300
46.490,57,2002,7300
46.490,57,2002,7300
46.490,57,2002,7300
46.490,57,2002,7300
46.490,57,2002,7300
46.490,57,2002,7300
46.490,57,2002,7300
46.490,57,2002,7300
46.490,57,2002,7300
46.490,57,2002,7300
46.490,57,2002,7300
46.490,57,2002,7300
46.490,57,2002,7300
46.490,57,2002,7300
46.490,57,2002,7300
46.729,57,2002,7300
46.729,57,2002,7300
46.729,57,2002,7300
46.729,57,2002,7300
46.729,57,2002,7300
46.729,57,2002,7300
46.729,57,2002,7300
46.729,57,2002,7300
46.729,57,2002,7300
46.729,57,2002,7300
46.729,57,2002,7300
46.729,57,2002,7300
46.729,57,2002,7300
46.729,57,2002,7300
47.020,57,2002,7300
47.020,57,2002,7300
47.020,57,2002,7300
47.020,57,2002,7300
47.020,57,2002,7300
47.020,57,2002,7300
47.020,57,2002,7300
47.020,57,2002,7300
47.020,57,2002,7300
47.020,57,2002,7300
47.020,57,2002,7300
47.020,57,2002,7300
47.383,57,2002,7300
47.383,57,2002,7300
47.383,57,2002,7300
47.383,57,2002,7300
47.383,57,2002,7300
47.383,57,2002,7300
47.383,57,2002,7300
47.383,57,2002,7300
47.383,57,2002,7300
47.383,57,2002,7300
47.383,57,2002,7300
47.383,57,2002,7300
47.383,57,2002,7300
47.383,57,2002,7300
47.383,57,2002,7300
47.598,57,2002,7300
47.598,57,2002,7300
47.598,57,2002,7300
47.598,57,2002,7300
47.598,57,2002,7300
47.598,57,2002,7300
47.598,57,2002,7300
47.598,57,2002,7300
47.598,57,2002,7300
47.598,57,2002,7300
47.598,57,2002,7300
47.598,57,2002,7300
47.598,57,2002,7300
47.598,57,2002,7300
47.880,57,2002,7300
47.880,57,2002,7300
47.880,57,2002,7300
47.880,57,2002,7300
47.880,57,2002,7300
47.880,57,2002,7300
47.880,57,2002,7300
47.880,57,2002,7300
47.880,57,2002,7300
47.880,57,2002,7300
47.880,57,2002,7300
47.880,57,2002,7300
47.880,57,2002,7300
47.880,57,2002,7300
47.880,57,2002,7300
48.075,57,2002,7300
48.075,57,2002,7300
48.075,57,2002,7300
48.075,57,2002,7300
48.075,57,2002,7300
48.075,57,2002,7300
48.075,57,2002,7300
48.075,57,2002,7300
48.075,57,2002,7300
48.075,57,2002,7300
48.075,57,2002,7300
48.075,57,2002,7300
48.075,57,2002,7300
48.075,57,2002,7300
48.150,57,2002,7300
48.150,57,2002,7300
48.150,57,2002,7300
48.150,57,2002,7300
48.150,57,2002,7300
48.150,57,2002,7300
48.150,57,2002,7300
48.150,57,2002,7300
48.150,57,2002,7300
48.150,57,2002,7300
48.150,57,2002,7300
48.150,57,2002,7300
48.150,57,2002,7300
48.150,57,2002,7300
48.150,57,2002,7300
48.184,57,2002,7300
48.184,57,2002,7300
48.184,57,2002,7300
48.184,57,2002,7300
48.184,57,2002,7300
48.184,57,2002,7300
48.184,57,2002,7300
48.184,57,2002,7300
48.184,57,2002,7300
48.184,57,2002,7300
48.184,57,2002,7300
48.184,57,2002,7300
48.184,57,2002,7300
48.184,57,2002,7300
48.292,57,2002,7300
48.292,57,2002,7300
48.292,57,2002,7300
48.292,57,2002,7300
48.292,57,2002,7300
48.292,57,2002,7300
48.292,57,2002,7300
48.292,57,2002,7300
48.292,57,2002,7300
48.292,57,2002,7300
48.292,57,2002,7300
48.292,57,2002,7300
48.292,57,2002,7300
48.292,57,2002,7300
48.292,57,2002,7300
48.341,57,2002,7300
48.341,57,2002,7300
48.341,57,2002,7300
48.341,57,2002,7300
48.341,57,2002,7300
48.341,57,2002,7300
48.341,57,2002,7300
48.341,57,2002,7300
48.341,57,2002,7300
48.341,57,2002,7300
48.341,57,2002,7300
48.341,57,2002,7300
48.341,57,2002,7300
48.399,57,2002,7300
48.399,57,2002,7300
48.399,57,2002,7300
48.399,57,2002,7300
48.399,57,2002,7300
48.399,57,2002,7300
48.399,57,2002,7300
48.399,57,2002,7300
48.399,57,2002,7300
48.399,57,2002,7300
48.399,57,2002,7300
48.399,57,2002,7300
48.399,57,2002,7300
48.399,57,2002,7300
48.399,57,2002,7300
48.378,57,2002,7300
48.378,57,2002,7300
48.378,57,2002,7300
48.378,57,2002,7300
48.378,57,2002,7300
48.378,57,2002,7300
48.378,57,2002,810
48.378,57,2002,810
48.378,57,2002,810
48.378,57,2002,810
48.378,57,2002,810
48.378,57,2002,810
48.378,57,2002,810
47.785,57,2002,810
47.785,57,2002,810
47.785,57,2002,810
47.785,57,2002,810
47.785,57,2002,810
47.785,57,2002,810
47.785,57,2002,810
47.785,57,2002,810
47.785,57,2002,810
47.785,57,2002,810
47.785,57,2002,810
47.785,57,2002,810
47.785,56,2002,810
47.785,56,2002,810
47.785,56,2002,810
46.677,56,2002,810
46.677,57,2002,810
46.677,57,2002,810
46.677,57,2002,810
46.677,57,2002,810
46.677,57,2002,810
46.677,57,2002,810
46.677,57,2002,810
46.677,57,2002,810
46.677,57,2002,810
46.677,57,2002,810
46.677,57,2002,810
46.677,57,2002,810
46.677,57,2002,810
45.570,57,2002,810
45.570,57,2002,810
45.570,57,2002,810
45.570,57,2002,810
45.570,57,2002,810
45.570,57,2002,810
45.570,57,2002,810
45.570,57,2002,810
45.570,56,2002,810
45.570,56,2002,810
45.570,56,2002,810
45.570,56,2002,810
45.570,56,2002,810
45.570,56,2002,810
45.570,56,2002,810
44.361,56,2002,810
44.361,56,2002,810
44.361,56,2002,810
44.361,56,2002,810
44.361,56,2002,810
44.361,56,2002,810
44.361,57,2002,810
44.361,57,2002,810
44.361,57,2002,810
44.361,57,2002,810
44.361,57,2002,810
44.361,57,2002,810
44.361,57,2002,810
44.361,57,2002,810
43.216,57,2002,810
43.216,57,2002,810
43.216,57,2002,810
43.216,57,2002,810
43.216,56,2002,810
43.216,56,2002,810
43.216,56,2002,810
43.216,56,2002,810
43.216,56,2002,810
43.216,56,2002,810
43.216,56,2002,810
43.216,56,2002,810
43.216,56,2002,810
43.216,56,2002,810
43.216,56,2002,810
42.044,56,2002,810
42.044,56,2002,810
42.044,56,2002,810
42.044,56,2002,810
42.044,56,2002,810
42.044,56,2002,810
42.044,56,2002,810
42.044,56,2002,810
42.044,56,2002,810
42.044,56,2002,810
42.044,56,2002,810
42.044,56,2002,810
42.044,56,2002,810
42.044,56,2002,810
40.838,56,2002,810
40.838,56,2002,810
40.838,56,2002,810
40.838,56,2002,810
40.838,56,2002,810
40.838,56,2002,810
40.838,56,2002,810
40.838,56,2002,810
40.838,56,2002,810
40.838,56,2002,810
40.838,56,2002,810
40.838,56,2002,810
40.838,56,2002,810
40.838,56,2002,810
40.838,56,2002,810
39.633,56,2002,810
39.633,56,2002,810
39.633,56,2002,810
39.633,56,2002,810
39.633,56,2002,810
39.633,56,2002,810
39.633,56,2002,810
39.633,56,2002,810
39.633,56,2002,810
39.633,56,2002,810
39.633,56,2002,810
39.633,56,2002,810
39.633,56,2002,810
39.633,56,2002,810
38.431,56,2002,810
38.431,56,2002,810
38.431,56,2002,810
38.431,56,2002,810
38.431,56,2002,810
38.431,56,2002,810
38.431,56,2002,810
38.431,56,2002,810
38.431,56,2002,810
38.431,56,2002,810
38.431,56,2002,810
38.431,56,2002,810
38.431,56,2002,810
38.431,56,2002,810
37.222,56,2002,810
37.222,56,2002,810
37.222,56,2002,810
37.222,57,2002,810
37.222,57,2002,810
37.222,57,2002,810
37.222,57,2002,810
37.222,56,2002,810
37.222,56,2002,810
37.222,56,2002,810
37.222,56,2002,810
37.222,56,2002,810
37.222,56,2002,810
37.222,56,2002,810
36.506,56,2002,810
36.506,56,2002,810
36.506,56,2002,810
36.506,56,2002,810
36.506,56,2002,810
36.506,56,2002,810
36.506,56,2002,810
36.506,56,2002,810
36.506,56,2002,810
36.506,56,2002,810
36.506,56,2002,810
36.506,56,2002,810
36.506,56,2002,810
36.506,56,2002,810
36.506,56,2002,810
36.425,56,2002,810
36.425,56,2002,810
36.425,56,2002,810
36.425,56,2002,810
36.425,56,2002,810
36.425,56,2002,810
36.425,56,2002,810
36.425,56,2002,810
36.425,56,2002,810
36.425,56,2002,810
36.425,56,2002,810
36.425,56,2002,810
36.425,56,2002,810
36.425,56,2002,810
36.255,56,2002,810
36.255,56,2002,810
36.255,56,2002,810
36.255,56,2002,810
36.255,56,2002,810
36.255,56,2002,810
36.255,56,2002,810
36.255,56,2002,810
36.255,56,2002,810
36.255,56,2002,810
36.255,56,2002,810
36.255,56,2002,810
36.255,56,2002,810
36.255,56,2002,810
36.255,57,2002,810
36.212,56,2002,810
36.212,56,2002,810
36.212,56,2002,810
36.212,56,2002,810
36.212,56,2002,810
36.212,56,2002,810
36.212,56,2002,810
36.212,56,2002,810
36.212,56,2002,810
36.212,56,2002,810
36.212,56,2002,810
36.212,56,2002,810
36.212,56,2002,810
36.212,56,2002,810
36.212,56,2002,810
36.212,56,2002,810
36.212,56,2002,810
36.212,56,2002,810
36.212,56,2002,810
36.212,56,2002,810
36.212,56,2002,810
36.212,56,2002,810
36.212,56,2002,810
36.212,56,2002,810
36.212,56,2002,810
36.212,57,2002,810
36.212,57,2002,810
36.212,57,2002,810
36.212,57,2002,810
36.212,57,2002,810
36.212,56,2002,810
36.212,56,2002,810
36.212,56,2002,810
36.212,56,2002,810
36.212,56,2002,810
36.212,56,2002,810
36.212,56,2002,810
36.212,56,2002,810
36.212,56,2002,810
36.212,56,2002,810
36.212,56,2002,810
36.212,56,2002,810
36.212,56,2002,810
36.212,56,2002,810
36.212,56,2002,810
36.212,56,2002,810
36.212,56,2002,810
36.212,56,2002,810
36.212,56,2002,810
36.212,56,2002,810
36.212,56,2002,810
36.212,56,2002,810
36.212,56,2002,810
36.212,56,2002,810
36.212,56,2002,810
36.212,56,2002,810
36.212,56,2002,810
36.212,56,2002,810
36.212,56,2002,810
36.212,56,2002,810
36.212,56,2002,810
36.212,56,2002,810
36.212,56,2002,810
36.212,56,2002,810
36.212,56,2002,810
36.212,56,2002,810
36.212,56,2002,810
36.212,56,2002,810
36.212,56,2002,810
36.212,56,2002,810
36.212,56,2002,810
36.212,56,2002,810
36.212,56,2002,810
36.212,56,2002,810
36.212,56,2002,810
36.212,56,2002,810
36.212,56,2002,810
36.212,56,2002,810
36.212,56,2002,810
36.212,56,2002,810
36.212,56,2002,810
36.212,56,2002,810
36.212,56,2002,810
36.212,56,2002,810
36.212,56,2002,810
36.212,56,2002,810
36.212,56,2002,810
36.212,56,2002,810
36.212,56,2002,810
36.212,56,2002,810
36.212,56,2002,810
36.212,56,2002,810
36.212,56,2002,810
36.212,56,2002,810
36.212,56,2002,810
36.212,56,2002,810
36.212,56,2002,810
36.212,56,2002,810
36.212,56,2002,810
36.212,56,2002,810
36.212,56,2002,810
36.212,56,2002,810
36.212,56,2002,810
36.212,56,2002,810
36.212,56,2002,810
36.212,56,2002,810
36.212,56,2002,810
36.212,56,2002,810
36.212,56,2002,810
36.212,56,2002,810
36.212,56,2002,810
36.212,56,2002,810
36.212,56,2002,810
36.212,56,2002,810
36.212,56,2002,810
36.212,56,2002,810
36.212,56,2002,810
36.212,56,2002,810
36.212,56,2002,810
36.212,56,2002,810
36.212,56,2002,810
36.212,56,2002,810
36.212,56,2002,810
36.212,56,2002,810
36.212,56,2002,810
36.212,56,2002,810
36.212,56,2002,810
36.212,56,2002,810
35.903,56,2002,810
35.903,56,2002,810
35.903,56,2002,810
35.903,56,2002,810
35.946,57,2002,810
35.946,57,2002,810
35.946,57,2002,810
35.946,57,2002,810
35.946,56,2002,810
35.946,56,2002,810
35.946,56,2002,810
35.946,56,2002,810
35.946,56,2002,810
35.946,56,2002,810
35.946,56,2002,810
35.946,56,2002,810
35.946,56,2002,810
36.084,56,2002,810
36.084,56,2002,7300
36.084,57,2002,7300
36.084,57,2002,7300
36.084,57,2002,7300
36.084,57,2002,7300
36.084,57,2002,7300
36.084,57,2002,7300
36.084,57,2002,7300
36.084,57,2002,7300
36.084,57,2002,7300
36.084,57,2002,7300
36.084,57,2002,7300
36.084,57,2002,7300
37.045,57,2002,7300
37.045,57,2002,7300
37.045,57,2002,7300
37.045,57,2002,7300
37.045,57,2002,7300
37.045,57,2002,7300
37.045,57,2002,7300
37.045,57,2002,7300
37.045,57,2002,7300
37.045,57,2002,7300
37.045,57,2002,7300
37.045,57,2002,7300
37.045,57,2002,7300
37.045,57,2002,7300
37.955,57,2002,7300
37.955,57,2002,7300
37.955,57,2002,7300
37.955,57,2002,7300
37.955,57,2002,7300
37.955,57,2002,7300
37.955,57,2002,7300
37.955,57,2002,7300
37.955,57,2002,7300
37.955,57,2002,7300
37.955,57,2002,7300
37.955,57,2002,7300
37.955,57,2002,7300
37.955,57,2002,7300
37.955,57,2002,7300
38.727,57,2002,7300
38.727,57,2002,7300
38.727,57,2002,7300
38.727,57,2002,7300
38.727,57,2002,7300
38.727,57,2002,7300
38.727,57,2002,7300
38.727,57,2002,7300
38.727,57,2002,7300
38.727,57,2002,7300
38.727,57,2002,7300
38.72