NVIDIA GeForce RTX 3060
35.820,57,2002,810
35.820,57,2002,810
35.820,57,2002,810
35.820,57,2002,810
35.817,57,2002,810
35.817,57,2002,810
35.817,57,2002,810
35.817,57,2002,7300
35.817,57,2002,7300
35.817,57,2002,7300
35.817,57,2002,7300
35.817,57,2002,7300
35.817,57,2002,7300
35.817,57,2002,7300
35.817,57,2002,7300
35.817,57,2002,7300
35.817,57,2002,7300
36.705,57,2002,7300
36.705,57,2002,7300
36.705,57,2002,7300
36.705,57,2002,7300
36.705,57,2002,7300
36.705,57,2002,7300
36.705,57,2002,7300
36.705,57,2002,7300
36.705,57,2002,7300
36.705,57,2002,7300
36.705,57,2002,7300
36.705,57,2002,7300
37.935,57,2002,7300
37.935,57,2002,7300
37.935,57,2002,7300
37.935,57,2002,7300
37.935,57,2002,7300
37.935,57,2002,7300
37.935,57,2002,7300
37.935,57,2002,7300
37.935,57,2002,7300
37.935,57,2002,7300
37.935,57,2002,7300
37.935,57,2002,7300
37.935,57,2002,7300
37.935,57,2002,7300
37.935,57,2002,7300
39.035,57,2002,7300
39.035,57,2002,7300
39.035,57,2002,7300
39.035,57,2002,7300
39.035,57,2002,7300
39.035,57,2002,7300
39.035,57,2002,7300
39.035,57,2002,7300
39.035,57,2002,7300
39.035,57,2002,7300
39.035,57,2002,7300
39.035,57,2002,7300
39.035,57,2002,7300
39.035,57,2002,7300
40.184,57,2002,7300
40.184,57,2002,7300
40.184,57,2002,7300
40.184,57,2002,7300
40.184,57,2002,7300
40.184,57,2002,7300
40.184,57,2002,7300
40.184,57,2002,7300
40.184,57,2002,7300
40.184,57,2002,7300
40.184,57,2002,7300
40.184,57,2002,7300
40.184,57,2002,7300
40.184,57,2002,7300
40.184,57,2002,7300
41.308,57,2002,7300
41.308,57,2002,7300
41.308,57,2002,7300
41.308,57,2002,7300
41.308,57,2002,7300
41.308,57,2002,7300
41.308,57,2002,7300
41.308,57,2002,7300
41.308,57,2002,7300
41.308,57,2002,7300
41.308,57,2002,7300
41.308,57,2002,7300
41.308,57,2002,7300
41.308,57,2002,7300
42.446,57,2002,7300
42.446,57,2002,7300
42.446,57,2002,7300
42.446,57,2002,7300
42.446,57,2002,7300
42.446,57,2002,7300
42.446,57,2002,7300
42.446,57,2002,7300
42.446,57,2002,7300
42.446,57,2002,7300
42.446,57,2002,7300
42.446,57,2002,7300
42.446,57,2002,7300
42.446,57,2002,7300
42.446,57,2002,7300
43.539,57,2002,7300
43.539,57,2002,7300
43.539,57,2002,7300
43.539,57,2002,7300
43.539,57,2002,7300
43.539,57,2002,7300
43.539,57,2002,7300
43.539,57,2002,7300
43.539,57,2002,7300
43.539,57,2002,7300
43.539,57,2002,7300
43.539,57,2002,7300
43.539,57,2002,7300
43.539,57,2002,7300
44.714,57,2002,7300
44.714,57,2002,7300
44.714,57,2002,7300
44.714,57,2002,7300
44.714,57,2002,7300
44.714,57,2002,7300
44.714,57,2002,7300
44.714,57,2002,7300
44.714,57,2002,7300
44.714,57,2002,7300
44.714,57,2002,7300
44.714,57,2002,7300
44.714,57,2002,7300
44.714,57,2002,7300
44.714,57,2002,7300
45.875,57,2002,7300
45.875,57,2002,7300
45.875,57,2002,7300
45.875,57,2002,7300
45.875,57,2002,7300
45.875,57,2002,7300
45.875,57,2002,7300
45.875,57,2002,7300
45.875,57,2002,7300
45.875,57,2002,7300
45.875,57,2002,7300
45.875,57,2002,7300
45.875,57,2002,7300
45.875,57,2002,7300
47.020,57,2002,7300
47.020,57,2002,7300
47.020,57,2002,7300
47.020,57,2002,7300
47.020,57,2002,7300
47.020,57,2002,7300
47.020,57,2002,7300
47.020,57,2002,7300
47.020,57,2002,7300
47.020,57,2002,7300
47.020,57,2002,7300
47.020,57,2002,7300
47.020,57,2002,7300
47.020,57,2002,7300
47.020,57,2002,7300
47.240,57,2002,7300
47.240,57,2002,7300
47.240,57,2002,7300
47.240,57,2002,7300
47.240,57,2002,7300
47.240,57,2002,7300
47.240,57,2002,7300
47.240,57,2002,7300
47.240,57,2002,7300
47.240,57,2002,7300
47.240,57,2002,7300
47.240,57,2002,7300
47.240,57,2002,7300
47.240,57,2002,7300
47.135,57,2002,7300
47.135,57,2002,7300
47.135,57,2002,7300
47.135,57,2002,7300
47.135,57,2002,7300
47.135,57,2002,7300
47.135,57,2002,7300
47.135,57,2002,7300
47.135,57,2002,7300
47.135,57,2002,7300
47.135,57,2002,7300
47.135,57,2002,7300
47.135,57,2002,7300
47.135,57,2002,7300
47.135,57,2002,7300
47.070,57,2002,7300
47.070,57,2002,7300
47.070,57,2002,7300
47.070,57,2002,7300
47.070,57,2002,7300
47.070,57,2002,7300
47.070,57,2002,7300
47.070,57,2002,7300
47.070,57,2002,7300
47.070,57,2002,7300
47.070,57,2002,7300
47.070,57,2002,7300
47.070,57,2002,7300
47.070,57,2002,7300
46.995,57,2002,7300
46.995,57,2002,7300
46.995,57,2002,7300
46.995,57,2002,7300
46.995,57,2002,810
46.995,57,2002,810
46.995,57,2002,810
46.995,57,2002,810
46.995,57,2002,810
46.995,57,2002,810
46.995,57,2002,810
46.995,57,2002,810
46.995,57,2002,810
46.995,57,2002,810
46.995,57,2002,810
46.281,57,2002,810
46.281,57,2002,810
46.281,57,2002,810
46.281,57,2002,810
46.281,57,2002,810
46.281,57,2002,810
46.281,57,2002,810
46.281,57,2002,810
46.281,57,2002,810
46.281,57,2002,810
46.281,57,2002,810
46.281,57,2002,810
45.270,57,2002,810
45.270,57,2002,810
45.270,57,2002,810
45.270,57,2002,810
45.270,57,2002,810
45.270,57,2002,810
45.270,57,2002,810
45.270,57,2002,810
45.270,57,2002,810
45.270,57,2002,810
45.270,57,2002,810
45.270,57,2002,810
45.270,57,2002,810
45.270,57,2002,810
44.263,57,2002,810
44.263,57,2002,810
44.263,57,2002,810
44.263,57,2002,810
44.263,57,2002,810
44.263,57,2002,810
44.263,57,2002,810
44.263,57,2002,810
44.263,57,2002,810
44.263,57,2002,810
44.263,57,2002,810
44.263,57,2002,810
44.263,57,2002,810
44.263,57,2002,810
43.167,57,2002,810
43.167,57,2002,810
43.167,57,2002,810
43.167,57,2002,810
43.167,57,2002,810
43.167,57,2002,810
43.167,57,2002,810
43.167,57,2002,810
43.167,57,2002,810
43.167,57,2002,810
43.167,57,2002,810
43.167,57,2002,810
43.167,57,2002,810
42.318,57,2002,7300
42.318,57,2002,7300
42.318,57,2002,7300
42.318,57,2002,7300
42.318,57,2002,7300
42.318,57,2002,7300
42.318,57,2002,7300
42.318,57,2002,7300
42.318,57,2002,7300
42.318,57,2002,7300
42.318,57,2002,7300
42.318,57,2002,7300
42.318,57,2002,7300
42.318,57,2002,7300
42.341,57,2002,7300
42.341,57,2002,7300
42.341,57,2002,7300
42.341,57,2002,7300
42.341,57,2002,7300
42.341,57,2002,7300
42.341,57,2002,7300
42.341,57,2002,7300
42.341,57,2002,7300
42.341,57,2002,7300
42.341,57,2002,7300
42.341,57,2002,7300
42.341,57,2002,7300
42.341,57,2002,7300
42.341,57,2002,7300
42.471,57,2002,7300
42.471,57,2002,7300
42.471,57,2002,7300
42.471,57,2002,7300
42.471,57,2002,7300
42.471,57,2002,7300
42.471,57,2002,7300
42.471,57,2002,7300
42.471,57,2002,7300
42.471,57,2002,7300
42.471,57,2002,7300
42.471,57,2002,7300
42.471,57,2002,7300
42.471,57,2002,7300
42.561,57,2002,7300
42.561,57,2002,7300
42.561,57,2002,7300
42.561,58,2002,7300
42.561,58,2002,7300
42.561,58,2002,7300
42.561,58,2002,7300
42.561,57,2002,7300
42.561,57,2002,7300
42.561,57,2002,7300
42.561,57,2002,7300
42.561,57,2002,7300
42.561,57,2002,7300
42.561,57,2002,7300
42.561,57,2002,7300
42.688,57,2002,7300
42.688,57,2002,7300
42.688,57,2002,7300
42.688,57,2002,7300
42.688,57,2002,7300
42.688,58,2002,7300
42.688,58,2002,7300
42.688,58,2002,7300
42.688,57,2002,7300
42.688,57,2002,7300
42.688,57,2002,7300
42.688,57,2002,7300
42.688,57,2002,7300
42.688,58,2002,7300
42.812,58,2002,7300
42.812,58,2002,7300
42.812,58,2002,7300
42.812,57,2002,7300
42.812,57,2002,7300
42.812,57,2002,7300
42.812,57,2002,7300
42.812,57,2002,7300
42.812,57,2002,7300
42.812,57,2002,7300
42.812,57,2002,7300
42.812,57,2002,7300
42.812,57,2002,7300
42.812,57,2002,7300
42.812,57,2002,7300
43.603,57,2002,7300
43.603,57,2002,7300
43.603,57,2002,7300
43.603,57,2002,7300
43.603,57,2002,7300
43.603,57,2002,7300
43.603,57,2002,7300
43.603,57,2002,7300
43.603,57,2002,7300
43.603,58,2002,7300
43.603,58,2002,7300
43.603,58,2002,7300
43.603,58,2002,7300
43.603,58,2002,7300
44.709,57,2002,7300
44.709,57,2002,7300
44.709,57,2002,7300
44.709,57,2002,7300
44.709,57,2002,7300
44.709,57,2002,7300
44.709,57,2002,7300
44.709,57,2002,7300
44.709,57,2002,7300
44.709,57,2002,7300
44.709,57,2002,7300
44.709,57,2002,7300
44.709,57,2002,7300
44.709,57,2002,7300
44.709,57,2002,7300
45.842,57,2002,7300
45.842,58,2002,7300
45.842,58,2002,7300
45.842,58,2002,7300
45.842,58,2002,7300
45.842,58,2002,7300
45.842,58,2002,7300
45.842,58,2002,7300
45.842,58,2002,7300
45.842,58,2002,7300
45.842,58,2002,7300
45.842,58,2002,7300
45.842,58,2002,7300
45.842,58,2002,7300
47.046,57,2002,7300
47.046,57,2002,7300
47.046,57,2002,7300
47.046,57,2002,7300
47.046,57,2002,7300
47.046,57,2002,7300
47.046,57,2002,7300
47.046,57,2002,7300
47.046,57,2002,7300
47.046,57,2002,7300
47.046,57,2002,7300
47.046,57,2002,7300
47.046,57,2002,7300
47.046,58,2002,7300
47.046,58,2002,7300
48.019,58,2002,7300
48.019,58,2002,7300
48.019,58,2002,7300
48.019,58,2002,7300
48.019,58,2002,7300
48.019,58,2002,7300
48.019,58,2002,7300
48.019,58,2002,7300
48.019,58,2002,7300
48.019,58,2002,7300
48.019,58,2002,7300
48.019,58,2002,7300
48.019,58,2002,7300
48.019,58,2002,7300
48.255,58,2002,7300
48.255,57,2002,7300
48.255,57,2002,7300
48.255,57,2002,7300
48.255,57,2002,7300
48.255,58,2002,7300
48.255,58,2002,7300
48.255,58,2002,7300
48.255,58,2002,7300
48.255,58,2002,7300
48.255,58,2002,7300
48.255,58,2002,7300
48.255,58,2002,7300
48.255,58,2002,7300
48.255,58,2002,7300
48.366,58,2002,7300
48.366,58,2002,7300
48.366,58,2002,7300
48.366,58,2002,7300
48.366,58,2002,7300
48.366,58,2002,7300
48.366,58,2002,7300
48.366,58,2002,7300
48.366,58,2002,7300
48.366,58,2002,7300
48.366,58,2002,7300
48.366,57,2002,7300
48.366,57,2002,7300
48.366,57,2002,7300
48.366,57,2002,7300
48.417,57,2002,7300
48.417,57,2002,7300
48.417,57,2002,7300
48.417,57,2002,7300
48.417,57,2002,7300
48.417,58,2002,7300
48.417,58,2002,7300
48.417,58,2002,7300
48.417,58,2002,7300
48.417,58,2002,7300
48.417,58,2002,7300
48.417,58,2002,7300
48.417,58,2002,7300
48.417,58,2002,7300
48.498,58,2002,7300
48.498,58,2002,7300
48.498,58,2002,7300
48.498,58,2002,7300
48.498,58,2002,7300
48.498,58,2002,7300
48.498,58,2002,7300
48.498,57,2002,7300
48.498,57,2002,7300
48.498,57,2002,7300
48.498,57,2002,7300
48.498,57,2002,7300
48.498,57,2002,7300
48.498,57,2002,7300
48.584,57,2002,7300
48.584,58,2002,7300
48.584,58,2002,7300
48.584,58,2002,7300
48.584,58,2002,7300
48.584,58,2002,7300
48.584,58,2002,7300
48.584,58,2002,7300
48.584,58,2002,7300
48.584,58,2002,7300
48.584,58,2002,7300
48.584,58,2002,7300
48.584,58,2002,7300
48.584,58,2002,7300
48.696,58,2002,7300
48.696,58,2002,7300
48.696,58,2002,7300
48.696,58,2002,7300
48.696,58,2002,7300
48.696,58,2002,7300
48.696,58,2002,7300
48.696,57,2002,7300
48.696,57,2002,7300
48.696,57,2002,7300
48.696,57,2002,7300
48.696,58,2002,7300
48.696,58,2002,7300
48.696,58,2002,7300
48.781,58,2002,7300
48.781,58,2002,7300
48.781,58,2002,7300
48.781,58,2002,7300
48.781,58,2002,7300
48.781,58,2002,7300
48.781,58,2002,7300
48.781,58,2002,7300
48.781,58,2002,7300
48.781,58,2002,7300
48.781,58,2002,7300
48.781,58,2002,7300
48.781,58,2002,7300
48.781,58,2002,7300
48.781,58,2002,7300
48.819,58,2002,7300
48.819,58,2002,7300
48.819,58,2002,7300
48.819,58,2002,7300
48.819,57,2002,7300
48.819,57,2002,7300
48.819,57,2002,7300
48.819,57,2002,7300
48.819,58,2002,7300
48.819,58,2002,7300
48.819,58,2002,7300
48.819,58,2002,7300
48.819,58,2002,7300
48.819,58,2002,7300
48.847,58,2002,7300
48.847,58,2002,7300
48.847,58,2002,7300
48.847,58,2002,7300
48.847,58,2002,7300
48.847,58,2002,7300
48.847,58,2002,7300
48.847,58,2002,7300
48.847,58,2002,7300
48.847,58,2002,7300
48.847,58,2002,7300
48.847,58,2002,7300
48.847,58,2002,7300
48.847,58,2002,7300
48.856,58,2002,7300
48.856,58,2002,7300
48.856,58,2002,7300
48.856,58,2002,7300
48.856,58,2002,7300
48.856,58,2002,7300
48.856,58,2002,7300
48.856,58,2002,7300
48.856,58,2002,7300
48.856,58,2002,7300
48.856,58,2002,7300
48.856,58,2002,7300
48.856,58,2002,7300
48.856,58,2002,7300
48.856,58,2002,7300
48.745,58,2002,7300
48.745,58,2002,7300
48.745,58,2002,7300
48.745,58,2002,7300
48.745,58,2002,7300
48.745,58,2002,7300
48.745,58,2002,7300
48.745,58,2002,7300
48.745,58,2002,7300
48.745,58,2002,7300
48.745,58,2002,7300
48.745,58,2002,7300
48.745,58,2002,7300
48.745,58,2002,7300
48.685,58,2002,7300
48.685,58,2002,7300
48.685,58,2002,7300
48.685,58,2002,7300
48.685,58,2002,7300
48.685,58,2002,7300
48.685,58,2002,7300
48.685,58,2002,7300
48.685,58,2002,7300
48.685,58,2002,7300
48.685,58,2002,7300
48.685,58,2002,7300
48.685,58,2002,7300
48.685,58,2002,7300
48.720,58,2002,7300
48.720,58,2002,7300
48.720,58,2002,7300
48.720,58,2002,7300
48.720,58,2002,7300
48.720,58,2002,7300
48.720,58,2002,7300
48.720,58,2002,7300
48.720,58,2002,7300
48.720,58,2002,7300
48.720,58,2002,7300
48.720,58,2002,7300
48.720,58,2002,7300
48.720,58,2002,7300
48.704,58,2002,