NVIDIA GeForce RTX 3060
46.694,60,2002,7300
46.694,60,2002,7300
46.694,60,2002,7300
46.694,60,2002,7300
46.694,60,2002,7300
46.694,60,2002,7300
46.834,61,2002,7300
46.834,61,2002,7300
46.834,61,2002,7300
46.834,61,2002,7300
46.834,61,2002,7300
46.834,61,2002,7300
46.834,61,2002,7300
46.834,61,2002,7300
46.834,61,2002,7300
46.834,61,2002,7300
46.834,61,2002,7300
46.834,61,2002,7300
46.834,61,2002,7300
47.056,61,2002,7300
47.056,61,2002,7300
47.056,61,2002,7300
47.056,60,2002,7300
47.056,60,2002,7300
47.056,60,2002,7300
47.056,60,2002,7300
47.056,60,2002,7300
47.056,60,2002,7300
47.056,60,2002,7300
47.056,61,2002,7300
47.056,61,2002,7300
47.239,61,2002,7300
47.239,61,2002,7300
47.239,61,2002,7300
47.239,61,2002,7300
47.239,61,2002,7300
47.239,61,2002,7300
47.239,61,2002,7300
47.239,61,2002,7300
47.239,61,2002,7300
47.239,61,2002,7300
47.239,61,2002,7300
47.239,61,2002,7300
47.239,61,2002,7300
47.575,61,2002,7300
47.575,61,2002,7300
47.575,61,2002,7300
47.575,61,2002,7300
47.575,61,2002,7300
47.575,61,2002,7300
47.575,61,2002,7300
47.575,61,2002,7300
47.575,61,2002,7300
47.575,61,2002,7300
47.575,61,2002,7300
47.575,61,2002,7300
47.575,61,2002,7300
47.575,61,2002,7300
48.053,61,2002,7300
48.053,61,2002,7300
48.053,61,2002,7300
48.053,61,2002,7300
48.053,61,2002,7300
48.053,61,2002,7300
48.053,61,2002,7300
48.053,61,2002,7300
48.053,61,2002,7300
48.053,61,2002,7300
48.053,61,2002,7300
48.053,61,2002,7300
48.053,61,2002,7300
48.398,61,2002,7300
48.398,61,2002,7300
48.398,61,2002,7300
48.398,61,2002,7300
48.398,61,2002,7300
48.398,61,2002,7300
48.398,61,2002,7300
48.398,61,2002,7300
48.398,61,2002,7300
48.398,61,2002,7300
48.398,61,2002,7300
48.398,61,2002,7300
48.398,61,2002,7300
48.669,61,2002,7300
48.669,61,2002,7300
48.669,61,2002,7300
48.669,61,2002,7300
48.669,61,2002,7300
48.669,61,2002,7300
48.669,61,2002,7300
48.669,61,2002,7300
48.669,61,2002,7300
48.669,61,2002,7300
48.669,60,2002,7300
48.669,60,2002,7300
48.669,60,2002,7300
48.669,60,2002,7300
48.957,61,2002,7300
48.957,61,2002,7300
48.957,61,2002,7300
48.957,61,2002,7300
48.957,61,2002,7300
48.957,61,2002,7300
48.957,61,2002,7300
48.957,61,2002,7300
48.957,61,2002,7300
48.957,61,2002,7300
48.957,61,2002,7300
48.957,61,2002,7300
48.957,61,2002,7300
49.726,61,2002,7300
49.726,61,2002,7300
49.726,61,2002,7300
49.726,61,2002,7300
49.726,61,2002,7300
49.726,61,2002,7300
49.726,61,2002,7300
49.726,61,2002,7300
49.726,61,2002,7300
49.726,61,2002,7300
49.726,60,2002,7300
49.726,60,2002,7300
50.598,60,2002,7300
50.598,61,2002,7300
50.598,61,2002,7300
50.598,61,2002,7300
50.598,61,2002,7300
50.598,61,2002,7300
50.598,61,2002,7300
50.598,61,2002,7300
50.598,61,2002,7300
50.598,61,2002,7300
50.598,61,2002,7300
50.598,61,2002,7300
50.598,61,2002,7300
50.712,61,2002,7300
50.712,61,2002,7300
50.712,61,2002,7300
50.712,61,2002,7300
50.712,61,2002,7300
50.712,61,2002,7300
50.712,61,2002,7300
50.712,61,2002,7300
50.712,61,2002,7300
50.712,61,2002,7300
50.712,61,2002,7300
50.712,61,2002,7300
50.712,61,2002,7300
50.699,61,2002,7300
50.699,61,2002,7300
50.699,61,2002,7300
50.699,61,2002,7300
50.699,61,2002,7300
50.699,61,2002,7300
50.699,61,2002,7300
50.699,61,2002,7300
50.699,61,2002,7300
50.699,61,2002,7300
50.699,61,2002,7300
50.699,61,2002,7300
50.699,61,2002,7300
50.699,61,2002,7300
50.664,61,2002,7300
50.664,61,2002,7300
50.664,61,2002,7300
50.664,61,2002,7300
50.664,60,2002,7300
50.664,60,2002,7300
50.664,60,2002,7300
50.664,60,2002,7300
50.664,61,2002,7300
50.664,61,2002,7300
50.664,61,2002,7300
50.664,61,2002,7300
50.664,61,2002,7300
50.664,61,2002,7300
50.554,61,2002,7300
50.554,61,2002,7300
50.554,61,2002,7300
50.554,61,2002,7300
50.554,61,2002,7300
50.554,61,2002,7300
50.554,61,2002,7300
50.554,61,2002,7300
50.554,61,2002,7300
50.554,61,2002,7300
50.554,61,2002,7300
50.554,61,2002,7300
50.411,61,2002,7300
50.411,61,2002,7300
50.411,61,2002,7300
50.411,61,2002,7300
50.411,61,2002,7300
50.411,61,2002,7300
50.411,61,2002,7300
50.411,61,2002,7300
50.411,61,2002,7300
50.411,61,2002,7300
50.411,61,2002,7300
50.411,61,2002,7300
50.411,61,2002,7300
50.411,61,2002,7300
50.345,61,2002,7300
50.345,61,2002,7300
50.345,61,2002,7300
50.345,61,2002,7300
50.345,61,2002,7300
50.345,61,2002,7300
50.345,61,2002,7300
50.345,61,2002,7300
50.345,61,2002,7300
50.345,61,2002,7300
50.345,61,2002,7300
50.345,61,2002,7300
50.345,61,2002,7300
50.345,61,2002,7300
50.371,61,2002,7300
50.371,61,2002,7300
50.371,61,2002,7300
50.371,61,2002,7300
50.371,61,2002,7300
50.371,61,2002,7300
50.371,61,2002,7300
50.371,61,2002,7300
50.371,61,2002,7300
50.371,61,2002,7300
50.371,61,2002,7300
50.371,61,2002,7300
50.371,61,2002,7300
50.371,61,2002,7300
50.329,61,2002,7300
50.329,61,2002,7300
50.329,61,2002,7300
50.329,61,2002,7300
50.329,61,2002,7300
50.329,61,2002,7300
50.329,61,2002,7300
50.329,61,2002,7300
50.329,61,2002,7300
50.329,61,2002,7300
50.329,61,2002,7300
50.329,61,2002,7300
50.329,61,2002,7300
50.329,61,2002,7300
50.339,61,2002,7300
50.339,61,2002,7300
50.339,61,2002,7300
50.339,61,2002,7300
50.339,61,2002,7300
50.339,61,2002,7300
50.339,61,2002,7300
50.339,61,2002,7300
50.339,61,2002,7300
50.339,61,2002,7300
50.339,61,2002,7300
50.339,61,2002,7300
50.339,61,2002,7300
50.339,61,2002,7300
50.380,61,2002,7300
50.380,61,2002,7300
50.380,61,2002,7300
50.380,61,2002,7300
50.380,61,2002,7300
50.380,61,2002,7300
50.380,61,2002,7300
50.380,61,2002,7300
50.380,61,2002,7300
50.380,61,2002,7300
50.380,61,2002,7300
50.380,61,2002,7300
50.380,61,2002,7300
50.380,61,2002,7300
50.441,61,2002,7300
50.441,61,2002,7300
50.441,61,2002,7300
50.441,61,2002,7300
50.441,61,2002,7300
50.441,61,2002,7300
50.441,61,2002,7300
50.441,61,2002,7300
50.441,61,2002,7300
50.441,61,2002,7300
50.441,61,2002,7300
50.441,61,2002,7300
50.441,61,2002,7300
50.441,61,2002,7300
50.398,61,2002,7300
50.398,61,2002,7300
50.398,61,2002,7300
50.398,61,2002,7300
50.398,61,2002,7300
50.398,61,2002,7300
50.398,61,2002,7300
50.398,61,2002,7300
50.398,61,2002,7300
50.398,61,2002,7300
50.398,61,2002,7300
50.398,61,2002,7300
50.398,61,2002,7300
50.398,61,2002,7300
50.400,61,2002,7300
50.400,61,2002,7300
50.400,61,2002,7300
50.400,61,2002,7300
50.400,61,2002,7300
50.400,61,2002,7300
50.400,61,2002,7300
50.400,61,2002,7300
50.400,61,2002,7300
50.400,61,2002,7300
50.400,61,2002,7300
50.400,61,2002,7300
50.400,61,2002,7300
50.384,61,2002,7300
50.384,61,2002,7300
50.384,61,2002,7300
50.384,61,2002,7300
50.384,61,2002,7300
50.384,61,2002,7300
50.384,61,2002,7300
50.384,61,2002,7300
50.384,61,2002,7300
50.384,61,2002,7300
50.384,61,2002,7300
50.384,61,2002,7300
50.339,61,2002,7300
50.339,61,2002,7300
50.339,61,2002,7300
50.339,61,2002,7300
50.339,61,2002,7300
50.339,61,2002,7300
50.339,61,2002,7300
50.339,61,2002,7300
50.339,61,2002,7300
50.339,61,2002,7300
50.339,61,2002,7300
50.339,61,2002,7300
50.343,61,2002,7300
50.343,61,2002,7300
50.343,61,2002,7300
50.343,61,2002,7300
50.343,61,2002,7300
50.343,61,2002,7300
50.343,61,2002,7300
50.343,61,2002,7300
50.343,61,2002,7300
50.343,61,2002,7300
50.343,61,2002,7300
50.343,61,2002,7300
50.343,61,2002,7300
50.318,61,2002,7300
50.318,61,2002,7300
50.318,61,2002,7300
50.318,61,2002,7300
50.318,61,2002,7300
50.318,61,2002,7300
50.318,61,2002,7300
50.318,61,2002,7300
50.318,61,2002,7300
50.318,61,2002,7300
50.318,61,2002,7300
50.318,61,2002,7300
50.344,61,2002,7300
50.344,61,2002,7300
50.344,61,2002,7300
50.344,61,2002,7300
50.344,61,2002,7300
50.344,61,2002,7300
50.344,61,2002,7300
50.344,61,2002,7300
50.344,61,2002,7300
50.344,61,2002,7300
50.344,61,2002,7300
50.344,61,2002,7300
50.307,61,2002,7300
50.307,61,2002,7300
50.307,61,2002,7300
50.307,61,2002,7300
50.307,61,2002,7300
50.307,61,2002,7300
50.307,61,2002,7300
50.307,61,2002,7300
50.307,61,2002,7300
50.307,61,2002,7300
50.307,61,2002,7300
50.307,61,2002,7300
50.199,61,2002,7300
50.199,61,2002,7300
50.199,61,2002,7300
50.199,61,2002,7300
50.199,61,2002,7300
50.199,61,2002,7300
50.199,61,2002,7300
50.199,61,2002,7300
50.199,61,2002,7300
50.199,61,2002,7300
50.199,61,2002,7300
50.199,61,2002,7300
50.059,61,2002,7300
50.059,61,2002,7300
50.059,61,2002,7300
50.059,61,2002,7300
50.059,61,2002,7300
50.059,61,2002,7300
50.059,61,2002,7300
50.059,61,2002,7300
50.059,61,2002,7300
50.059,61,2002,7300
50.059,61,2002,7300
50.059,61,2002,7300
50.059,61,2002,7300
50.059,61,2002,7300
50.059,61,2002,7300
50.059,61,2002,7300
50.059,61,2002,7300
50.059,61,2002,7300
50.059,61,2002,7300
50.059,61,2002,7300
50.059,61,2002,7300
50.059,61,2002,7300
50.059,61,2002,7300
50.059,61,2002,7300
50.059,61,2002,7300
50.059,61,2002,7300
50.059,61,2002,7300
49.993,61,2002,7300
49.993,61,2002,7300
49.993,61,2002,7300
49.993,61,2002,7300
49.993,61,2002,7300
49.993,61,2002,7300
49.993,61,2002,7300
49.993,61,2002,7300
49.993,61,2002,7300
49.993,61,2002,7300
49.993,61,2002,7300
49.993,61,2002,7300
49.993,61,2002,7300
49.900,61,2002,7300
49.900,61,2002,7300
49.900,61,2002,7300
49.900,61,2002,7300
49.900,61,2002,7300
49.900,61,2002,7300
49.900,61,2002,7300
49.900,61,2002,7300
49.900,61,2002,7300
49.900,61,2002,7300
49.900,61,2002,7300
49.900,61,2002,7300
49.900,61,2002,7300
49.769,61,2002,7300
49.769,61,2002,7300
49.769,61,2002,7300
49.769,61,2002,7300
49.769,61,2002,7300
49.769,61,2002,7300
49.769,61,2002,7300
49.769,61,2002,7300
49.769,61,2002,7300
49.769,61,2002,7300
49.769,61,2002,7300
49.769,61,2002,7300
49.769,61,2002,7300
49.769,61,2002,7300
49.744,61,2002,7300
49.744,61,2002,7300
49.744,61,2002,7300
49.744,61,2002,7300
49.744,61,2002,7300
49.744,61,2002,7300
49.744,61,2002,7300
49.744,61,2002,7300
49.744,61,2002,7300
49.744,61,2002,7300
49.744,61,2002,7300
49.744,61,2002,7300
49.744,61,2002,7300
49.744,61,2002,7300
49.624,61,2002,7300
49.624,61,2002,7300
49.624,61,2002,7300
49.624,61,2002,7300
49.624,61,2002,7300
49.624,61,2002,7300
49.624,61,2002,7300
49.624,61,2002,7300
49.624,61,2002,7300
49.624,61,2002,7300
49.624,61,2002,7300
49.624,61,2002,7300
49.624,61,2002,7300
49.506,61,2002,7300
49.506,61,2002,7300
49.506,61,2002,7300
49.506,61,2002,7300
49.506,61,2002,7300
49.506,61,2002,7300
49.506,61,2002,7300
49.506,61,2002,7300
49.506,61,2002,7300
49.506,61,2002,7300
49.506,61,2002,7300
49.506,61,2002,7300
49.506,61,2002,7300
49.392,61,2002,7300
49.392,61,2002,7300
49.392,61,2002,7300
49.392,61,2002,7300
49.392,61,2002,7300
49.392,61,2002,7300
49.392,61,2002,7300
49.392,61,2002,7300
49.392,61,2002,7300
49.392,61,2002,7300
49.392,61,2002,7300
49.392,61,2002,7300
49.392,61,2002,7300
49.392,61,2002,7300
49.343,61,2002,7300
49.343,61,2002,7300
49.343,61,2002,7300
49.343,61,2002,7300
49.343,61,2002,7300
49.343,61,2002,7300
49.343,61,2002,7300
49.343,61,2002,7300
49.343,61,2002,7300
49.343,61,2002,7300
49.343,61,2002,7300
49.343,61,2002,7300
49.312,61,2002,7300
49.312,61,2002,7300
49.312,61,2002,7300
49.312,61,2002,7300
49.312,61,2002,7300
49.312,61,2002,7300
49.312,61,2002,7300
49.312,61,2002,7300
49.312,61,2002,7300
49.312,61,2002,7300
49.312,61,2002,7300
49.312,61,2002,7300
49.312,61,2002,7300
49.286,61,2002,7300
49.286,61,2002,7300
49.286,61,2002,7300
49.286,61,2002,7300
49.286,61,2002,7300
49.286,61,2002,7300
49.286,61,2002,7300
49.286,61,2002,7300
49.286,61,2002,7300
49.286,61,2002,7300
49.286,61,2002,7300
49.286,61,2002,7300
49.286,61,2002,7300
49.286,61,2002,7300
49.313,61,2002,7300
49.313,61,2002,7300
49.313,61,2002,7300
49.313,61,2002,7300
49.313,61,2002,7300
49.313,61,2002,7300
49.313,61,2002,7300
49.313,61,2002,7300
49.313,61,2002,7300
49.313,61,2002,7300
49.313,61,2002,7300
49.313,61,2002,7300
49.313,61,2002,7300
49.313,61,2002,7300
49.384,61,2002,7300
49.384,61,2002,7300
49.384,61,2002,7300
49.384,61,2002,7300
49.384,61,2002,7300
49.384,61,2002,7300
49.384,61,2002,7300
49.384,61,2002,7300
49.384,61,2002,7300
49.384,61,2002,7300
49.384,61,2002,7300
49.600,61,2002,7300
49.600,61,2002,7300
49.600,61,2002,7300
49.600,61,2002,7300
49.600,61,2002,7300
49.600,61,2002,7300
49.600,61,2002,7300
49.600,61,2002,7300
49.600,61,2002,7300
49.600,61,2002,7300
49.600,61,2002,7300
50.588,61,2002,7300
50.588,61,2002,7300
50.588,61,2002,7300
50.588,61,2002,7300
50.588,61,2002,7300
50.588,61,2002,7300
50.588,61,2002,7300
50.588,61,2002,7300
50.588,61,2002,7300
50.588,61,2002,7300
50.588,61,2002,7300
50.588,61,2002,7300
50.588,61,2002,7300
50.588,61,2002,7300
50.678,61,2002,7300
50.678,61,2002,7300
50.678,61,2002,7300
50.678,61,2002,7300
50.6