NVIDIA GeForce RTX 3060
41.000,45,2002,5000
41.000,45,2002,5000
41.000,45,2002,5000
41.000,45,2002,5000
41.000,45,2002,5000
41.000,45,2002,5000
40.749,45,2002,5000
40.749,45,2002,810
40.749,45,2002,7300
40.749,45,2002,7300
40.749,45,2002,7300
40.749,45,2002,7300
40.749,45,2002,7300
40.749,45,2002,7300
40.749,45,2002,7300
40.749,45,2002,7300
40.749,45,2002,7300
40.749,45,2002,7300
40.749,45,2002,7300
40.749,45,2002,7300
40.836,45,2002,7300
40.836,45,2002,7300
40.836,45,2002,7300
40.836,45,2002,7300
40.836,45,2002,7300
40.836,45,2002,7300
40.836,45,2002,7300
40.836,45,2002,7300
40.836,45,2002,7300
40.836,45,2002,7300
40.836,45,2002,7300
40.836,45,2002,7300
40.836,45,2002,7300
40.836,45,2002,7300
41.030,45,2002,7300
41.030,45,2002,7300
41.030,45,2002,7300
41.030,45,2002,7300
41.030,45,2002,7300
41.030,45,2002,7300
41.030,45,2002,7300
41.030,45,2002,7300
41.030,45,2002,7300
41.030,45,2002,7300
41.030,45,2002,7300
41.030,45,2002,7300
41.030,45,2002,7300
41.030,45,2002,7300
41.030,45,2002,7300
41.483,45,2002,7300
41.483,45,2002,7300
41.483,45,2002,7300
41.483,45,2002,7300
41.483,45,2002,7300
41.483,45,2002,7300
41.483,45,2002,7300
41.483,45,2002,7300
41.483,45,2002,7300
41.483,45,2002,7300
41.483,45,2002,7300
41.483,45,2002,7300
41.483,45,2002,7300
41.483,45,2002,7300
41.483,45,2002,7300
41.977,45,2002,7300
41.977,45,2002,7300
41.977,45,2002,7300
41.977,45,2002,7300
41.977,45,2002,7300
41.977,45,2002,7300
41.977,45,2002,7300
41.977,45,2002,7300
41.977,45,2002,7300
41.977,45,2002,7300
41.977,45,2002,7300
41.977,45,2002,7300
41.977,45,2002,7300
41.977,45,2002,7300
42.504,45,2002,7300
42.504,45,2002,7300
42.504,45,2002,7300
42.504,45,2002,7300
42.504,45,2002,7300
42.504,45,2002,7300
42.504,45,2002,7300
42.504,45,2002,7300
42.504,45,2002,7300
42.504,45,2002,7300
42.504,45,2002,7300
42.504,45,2002,7300
42.504,45,2002,7300
42.504,45,2002,7300
42.504,45,2002,7300
42.941,45,2002,7300
42.941,45,2002,7300
42.941,45,2002,7300
42.941,45,2002,7300
42.941,45,2002,7300
42.941,45,2002,7300
42.941,45,2002,7300
42.941,45,2002,7300
42.941,45,2002,7300
42.941,45,2002,7300
42.941,45,2002,7300
42.941,45,2002,7300
42.941,45,2002,7300
42.941,45,2002,7300
42.941,45,2002,7300
43.467,45,2002,7300
43.467,45,2002,7300
43.467,45,2002,7300
43.467,45,2002,7300
43.467,45,2002,7300
43.467,45,2002,7300
43.467,45,2002,7300
43.467,45,2002,7300
43.467,45,2002,7300
43.467,45,2002,7300
43.467,45,2002,7300
43.467,45,2002,7300
43.467,45,2002,7300
43.467,45,2002,7300
43.467,45,2002,7300
44.055,45,2002,7300
44.055,45,2002,7300
44.055,45,2002,7300
44.055,45,2002,7300
44.055,45,2002,7300
44.055,45,2002,7300
44.055,45,2002,7300
44.055,45,2002,7300
44.055,45,2002,7300
44.055,45,2002,7300
44.055,45,2002,7300
44.055,45,2002,7300
44.055,45,2002,7300
44.055,45,2002,7300
44.659,45,2002,7300
44.659,45,2002,7300
44.659,45,2002,7300
44.659,45,2002,7300
44.659,45,2002,7300
44.659,45,2002,7300
44.659,45,2002,7300
44.659,45,2002,7300
44.659,45,2002,7300
44.659,45,2002,7300
44.659,45,2002,7300
44.659,45,2002,7300
44.659,45,2002,7300
44.659,45,2002,7300
44.659,45,2002,7300
45.031,45,2002,7300
45.031,45,2002,7300
45.031,45,2002,7300
45.031,45,2002,7300
45.031,45,2002,7300
45.031,45,2002,7300
45.031,45,2002,7300
45.031,45,2002,7300
45.031,45,2002,7300
45.031,45,2002,7300
45.031,45,2002,7300
45.031,45,2002,7300
45.031,45,2002,7300
45.031,45,2002,7300
45.031,45,2002,7300
45.042,45,2002,7300
45.042,45,2002,7300
45.042,45,2002,7300
45.042,45,2002,7300
45.042,45,2002,7300
45.042,45,2002,7300
45.042,45,2002,7300
45.042,45,2002,7300
45.042,45,2002,7300
45.042,45,2002,7300
45.042,45,2002,7300
45.042,45,2002,7300
45.042,45,2002,7300
45.042,45,2002,7300
45.042,45,2002,7300
44.987,45,2002,7300
44.987,45,2002,7300
44.987,45,2002,7300
44.987,45,2002,7300
44.987,46,2002,7300
44.987,46,2002,7300
44.987,46,2002,7300
44.987,46,2002,7300
44.987,45,2002,7300
44.987,45,2002,7300
44.987,45,2002,7300
44.987,45,2002,810
44.987,45,2002,810
44.987,45,2002,810
44.987,45,2002,810
44.660,45,2002,810
44.660,45,2002,810
44.660,45,2002,810
44.660,45,2002,810
44.660,45,2002,810
44.660,45,2002,810
44.660,45,2002,810
44.660,45,2002,810
44.660,45,2002,810
44.660,45,2002,810
44.660,45,2002,810
44.660,45,2002,810
44.660,45,2002,810
44.660,45,2002,810
43.560,45,2002,810
43.560,45,2002,810
43.560,45,2002,810
43.560,45,2002,810
43.560,45,2002,810
43.560,45,2002,810
43.560,45,2002,810
43.560,45,2002,810
43.560,45,2002,810
43.560,45,2002,810
43.560,45,2002,810
43.560,45,2002,810
43.560,45,2002,810
43.560,45,2002,810
42.491,45,2002,810
42.491,45,2002,810
42.491,45,2002,810
42.491,45,2002,810
42.491,45,2002,810
42.491,45,2002,810
42.491,45,2002,810
42.491,45,2002,810
42.491,45,2002,810
42.491,45,2002,810
42.491,45,2002,810
42.491,45,2002,810
42.491,45,2002,810
42.491,45,2002,810
42.491,45,2002,810
41.310,45,2002,810
41.310,45,2002,810
41.310,45,2002,810
41.310,45,2002,810
41.310,45,2002,810
41.310,45,2002,810
41.310,45,2002,810
41.310,45,2002,810
41.310,45,2002,810
41.310,45,2002,810
41.310,45,2002,810
41.310,45,2002,810
41.310,45,2002,810
41.310,45,2002,810
40.263,45,2002,810
40.263,45,2002,810
40.263,45,2002,810
40.263,45,2002,810
40.263,45,2002,810
40.263,45,2002,810
40.263,45,2002,810
40.263,45,2002,810
40.263,45,2002,810
40.263,45,2002,810
40.263,45,2002,810
40.263,45,2002,810
40.263,45,2002,810
40.263,45,2002,810
40.263,45,2002,810
39.084,45,2002,810
39.084,45,2002,810
39.084,45,2002,810
39.084,45,2002,810
39.084,45,2002,810
39.084,45,2002,810
39.084,45,2002,810
39.084,45,2002,810
39.084,45,2002,810
39.084,45,2002,810
39.084,45,2002,810
39.084,45,2002,810
39.084,45,2002,810
39.084,45,2002,810
37.921,45,2002,810
37.921,45,2002,810
37.921,45,2002,810
37.921,45,2002,810
37.921,45,2002,810
37.921,45,2002,810
37.921,45,2002,810
37.921,45,2002,810
37.921,45,2002,810
37.921,45,2002,810
37.921,45,2002,810
37.921,45,2002,810
37.921,45,2002,810
37.921,45,2002,810
36.901,45,2002,5000
36.901,45,2002,5000
36.901,45,2002,5000
36.901,45,2002,5000
36.901,45,2002,5000
36.901,45,2002,5000
36.901,45,2002,5000
36.901,45,2002,5000
36.901,45,2002,5000
36.901,45,2002,5000
36.901,45,2002,5000
36.901,45,2002,5000
36.901,45,2002,5000
36.901,45,2002,5000
36.510,45,2002,5000
36.510,45,2002,5000
36.510,45,2002,5000
36.510,45,2002,5000
36.510,45,2002,5000
36.510,45,2002,5000
36.510,45,2002,5000
36.510,45,2002,5000
36.510,45,2002,5000
36.510,45,2002,5000
36.510,45,2002,5000
36.510,45,2002,5000
36.510,45,2002,5000
36.510,45,2002,5000
36.510,45,2002,5000
36.180,45,2002,5000
36.180,45,2002,5000
36.180,45,2002,5000
36.180,45,2002,5000
36.180,45,2002,5000
36.180,45,2002,5000
36.180,45,2002,5000
36.180,45,2002,5000
36.180,45,2002,5000
36.180,45,2002,5000
36.180,45,2002,5000
36.180,45,2002,5000
36.180,45,2002,5000
36.180,45,2002,5000
36.055,45,2002,5000
36.055,45,2002,5000
36.055,45,2002,5000
36.055,45,2002,5000
36.055,45,2002,5000
36.055,45,2002,5000
36.055,45,2002,5000
36.055,45,2002,5000
36.055,45,2002,5000
36.055,45,2002,5000
36.055,45,2002,5000
36.055,45,2002,5000
36.055,45,2002,5000
36.055,45,2002,5000
36.738,45,2002,7300
36.738,45,2002,7300
36.738,45,2002,7300
36.738,45,2002,7300
36.738,45,2002,7300
36.738,45,2002,7300
36.738,46,2002,7300
36.738,46,2002,7300
36.738,46,2002,7300
36.738,46,2002,7300
36.738,46,2002,7300
36.738,46,2002,7300
36.738,46,2002,7300
36.738,46,2002,7300
37.740,46,2002,7300
37.740,46,2002,7300
37.740,46,2002,7300
37.740,46,2002,7300
37.740,46,2002,7300
37.740,46,2002,7300
37.740,46,2002,7300
37.740,46,2002,7300
37.740,46,2002,7300
37.740,45,2002,7300
37.740,45,2002,7300
37.740,45,2002,7300
37.740,45,2002,7300
37.740,46,2002,7300
37.740,46,2002,7300
38.936,46,2002,7300
38.936,46,2002,7300
38.936,46,2002,7300
38.936,46,2002,7300
38.936,46,2002,7300
38.936,46,2002,7300
38.936,46,2002,7300
38.936,46,2002,7300
38.936,46,2002,7300
38.936,46,2002,7300
38.936,46,2002,7300
38.936,46,2002,7300
38.936,46,2002,7300
38.936,46,2002,7300
39.993,46,2002,7300
39.993,46,2002,7300
39.993,46,2002,7300
39.993,46,2002,7300
39.993,46,2002,7300
39.993,45,2002,7300
39.993,45,2002,7300
39.993,45,2002,7300
39.993,45,2002,7300
39.993,46,2002,7300
39.993,46,2002,7300
39.993,46,2002,7300
39.993,46,2002,7300
39.993,46,2002,7300
41.134,46,2002,7300
41.134,46,2002,7300
41.134,46,2002,7300
41.134,46,2002,7300
41.134,46,2002,7300
41.134,46,2002,7300
41.134,46,2002,7300
41.134,46,2002,7300
41.134,46,2002,7300
41.134,46,2002,7300
41.134,46,2002,7300
41.134,46,2002,7300
41.134,46,2002,7300
41.134,46,2002,7300
41.134,46,2002,7300
42.237,46,2002,7300
42.237,46,2002,7300
42.237,46,2002,7300
42.237,46,2002,7300
42.237,46,2002,7300
42.237,46,2002,7300
42.237,46,2002,7300
42.237,46,2002,7300
42.237,46,2002,7300
42.237,46,2002,7300
42.237,46,2002,7300
42.237,46,2002,7300
42.237,46,2002,7300
42.237,46,2002,7300
43.206,46,2002,7300
43.206,46,2002,7300
43.206,46,2002,7300
43.206,46,2002,7300
43.206,46,2002,7300
43.206,46,2002,7300
43.206,46,2002,7300
43.206,46,2002,7300
43.206,46,2002,7300
43.206,46,2002,7300
43.206,46,2002,7300
43.206,46,2002,7300
43.206,46,2002,7300
43.206,46,2002,7300
43.565,46,2002,7300
43.565,46,2002,7300
43.565,46,2002,7300
43.565,46,2002,7300
43.565,46,2002,7300
43.565,46,2002,7300
43.565,46,2002,7300
43.565,46,2002,7300
43.565,46,2002,7300
43.565,46,2002,7300
43.565,46,2002,7300
43.565,46,2002,7300
43.565,46,2002,7300
43.565,46,2002,7300
43.565,46,2002,7300
43.845,46,2002,7300
43.845,46,2002,7300
43.845,46,2002,7300
43.845,46,2002,7300
43.845,46,2002,7300
43.845,46,2002,7300
43.845,46,2002,7300
43.845,46,2002,7300
43.845,46,2002,7300
43.845,46,2002,7300
43.845,46,2002,7300
43.845,46,2002,7300
43.845,46,2002,7300
43.845,46,2002,7300
44.177,46,2002,7300
44.177,46,2002,7300
44.177,46,2002,7300
44.177,46,2002,7300
44.177,46,2002,7300
44.177,46,2002,7300
44.177,46,2002,7300
44.177,46,2002,7300
44.177,46,2002,7300
44.177,46,2002,7300
44.177,46,2002,7300
44.177,46,2002,7300
44.177,46,2002,7300
44.177,46,2002,7300
44.177,46,2002,7300
44.652,46,2002,7300
44.652,46,2002,7300
44.652,46,2002,7300
44.652,46,2002,7300
44.652,46,2002,7300
44.652,46,2002,7300
44.652,46,2002,7300
44.652,46,2002,7300
44.652,46,2002,7300
44.652,46,2002,7300
44.652,46,2002,7300
44.652,46,2002,7300
44.652,46,2002,7300
44.652,46,2002,7300
44.652,46,2002,7300
44.731,46,2002,7300
44.731,46,2002,7300
44.731,46,2002,7300
44.731,46,2002,7300
44.731,46,2002,7300
44.731,46,2002,7300
44.731,46,2002,7300
44.731,46,2002,7300
44.731,46,2002,7300
44.731,46,2002,7300
44.731,46,2002,7300
44.731,46,2002,7300
44.731,46,2002,7300
44.731,46,2002,7300
44.714,46,2002,7300
44.714,46,2002,7300
44.714,46,2002,7300
44.714,46,2002,7300
44.714,46,2002,7300
44.714,46,2002,7300
44.714,46,2002,7300
44.714,46,2002,7300
44.714,46,2002,7300
44.714,46,2002,7300
44.714,46,2002,7300
44.714,46,2002,7300
44.714,46,2002,7300
44.714,46,2002,7300
44.714,46,2002,7300
44.824,46,2002,7300
44.824,46,2002,7300
44.824,46,2002,7300
44.824,46,2002,7300
44.824,46,2002,7300
44.824,46,2002,7300
44.824,46,2002,7300
44.824,46,2002,7300
44.824,46,2002,7300
44.824,46,2002,7300
44.824,46,2002,7300
44.824,46,2002,7300
44.824,46,2002,7300
44.824,46,2002,7300
44.824,46,2002,7300
44.959,46,2002,7300
44.959,46,2002,7300
44.959,46,2002,7300
44.959,46,2002,7300
44.959,46,2002,7300
44.959,46,2002,7300
44.959,46,2002,7300
44.959,46,2002,7300
44.959,46,2002,7300
44.959,46,2002,7300
44.959,46,2002,7300
44.959,46,2002,7300
44.959,46,2002,7300
44.959,46,2002,7300
45.054,46,2002,7300
45.054,46,2002,7300
45.054,46,2002,7300
45.054,46,2002,7300
45.054,46,2002,7300
45.054,46,2002,7300
45.054,46,2002,7300
45.054,46,2002,7300
45.054,46,2002,7300
45.054,46,2002,7300
45.054,46,2002,7300
45.054,46,2002,7300
45.054,46,2002,7300
45.054,46,2002,7300
45.177,46,2002,7300
45.177,46,2002,7300
45.177,46,2002,7300
45.177,46,2002,7300
45.177,46,2002,7300
45.177,46,2002,7300
45.177,46,2002,7300
45.177,46,2002,7300
45.177,46,2002,7300
45.177,46,2002,7300
45.177,46,2002,7300
45.177,46,2002,7300
45.177,46,2002,7300
45.177,46,2002,7300
45.261,46,2002,7300
45.261,46,2002,7300
45.261,46,2002,7300
45.261,46,2002,7300
45.261,46,2002,7300
45.261,46,2002,7300
45.261,46,2002,7300
45.261,46,2002,7300
45.261,46,2002,7300
45.261,46,2002,7300
45.261,46,2002,7300
45.261,46,2002,7300
45.261,46,2002,7300
45.261,46,2002,7300
45.379,46,2002,7300
45.379,46,2002,7300
45.379,46,2002,7300
45.379,46,2002,7300
45.379,46,2002,7300
45.379,46