NVIDIA GeForce RTX 3060
48.973,52,2002,7300
54.805,52,2002,7300
54.805,52,2002,7300
54.805,52,2002,7300
54.805,52,2002,7300
54.805,52,2002,7300
54.805,52,2002,7300
54.805,52,2002,7300
54.805,52,2002,7300
54.805,52,2002,7300
54.805,52,2002,7300
54.805,52,2002,7300
54.805,52,2002,7300
54.805,52,2002,7300
60.498,52,2002,7300
60.498,52,2002,7300
60.498,52,2002,7300
60.498,52,2002,7300
60.498,52,2002,7300
60.498,52,2002,7300
60.498,52,2002,7300
60.498,52,2002,7300
60.498,52,2002,7300
60.498,52,2002,7300
60.498,52,2002,7300
60.498,52,2002,7300
60.498,52,2002,7300
60.498,52,2002,7300
66.276,52,2002,7300
66.276,52,2002,7300
66.276,52,2002,7300
66.276,52,2002,7300
66.276,52,2002,7300
66.276,52,2002,7300
66.276,52,2002,7300
66.276,52,2002,7300
66.276,52,2002,7300
66.276,52,2002,7300
66.276,52,2002,7300
66.276,52,2002,7300
66.276,52,2002,7300
72.245,52,2002,7300
72.245,52,2002,7300
72.245,52,2002,7300
72.245,52,2002,7300
72.245,52,2002,7300
72.245,52,2002,7300
72.245,52,2002,7300
72.245,52,2002,7300
72.245,52,2002,7300
72.245,52,2002,7300
72.245,52,2002,7300
72.245,52,2002,7300
72.245,52,2002,7300
72.245,52,2002,7300
78.177,52,2002,7300
78.177,52,2002,7300
78.177,52,2002,7300
78.177,52,2002,7300
78.177,52,2002,7300
78.177,52,2002,7300
78.177,52,2002,7300
78.177,52,2002,7300
78.177,52,2002,7300
78.177,52,2002,7300
78.177,52,2002,7300
78.177,52,2002,7300
78.177,52,2002,7300
78.177,52,2002,7300
78.177,52,2002,7300
84.112,52,2002,7300
84.112,52,2002,7300
84.112,52,2002,7300
84.112,52,2002,7300
84.112,52,2002,7300
84.112,52,2002,7300
84.112,52,2002,7300
84.112,52,2002,7300
84.112,52,2002,7300
84.112,52,2002,7300
84.112,52,2002,7300
84.112,52,2002,7300
84.112,53,2002,7300
84.112,53,2002,7300
84.112,53,2002,7300
89.539,53,2002,7300
89.539,53,2002,7300
89.539,52,2002,7300
89.539,52,2002,7300
89.539,52,2002,7300
89.539,52,2002,7300
89.539,52,2002,7300
89.539,52,2002,7300
89.539,52,2002,7300
89.539,52,2002,7300
89.539,52,2002,7300
89.539,52,2002,7300
89.539,52,2002,7300
89.539,52,2002,7300
89.539,52,2002,7300
90.734,53,2002,7300
90.734,53,2002,7300
90.734,53,2002,7300
90.734,53,2002,7300
90.734,53,2002,7300
90.734,53,2002,7300
90.734,53,2002,7300
90.734,53,2002,7300
90.734,53,2002,7300
90.734,53,2002,7300
90.734,53,2002,7300
90.734,53,2002,7300
90.734,53,2002,7300
90.734,53,2002,7300
90.888,53,2002,7300
90.888,53,2002,7300
90.888,53,2002,7300
90.888,52,2002,7300
90.888,52,2002,7300
90.888,52,2002,7300
90.888,52,2002,7300
90.888,53,2002,7300
90.888,53,2002,7300
90.888,53,2002,7300
90.888,53,2002,7300
90.888,53,2002,7300
90.888,53,2002,7300
90.888,53,2002,7300
90.888,53,2002,7300
91.001,53,2002,7300
91.001,53,2002,7300
91.001,53,2002,7300
91.001,53,2002,7300
91.001,53,2002,7300
91.001,53,2002,7300
91.001,53,2002,7300
91.001,53,2002,7300
91.001,53,2002,7300
91.001,53,2002,7300
91.001,53,2002,7300
91.001,53,2002,7300
91.001,53,2002,7300
91.001,53,2002,7300
91.001,53,2002,7300
91.146,53,2002,7300
91.146,53,2002,7300
91.146,53,2002,7300
91.146,53,2002,7300
91.146,53,2002,7300
91.146,53,2002,7300
91.146,53,2002,7300
91.146,53,2002,7300
91.146,53,2002,7300
91.146,53,2002,7300
91.146,53,2002,7300
91.146,53,2002,7300
91.146,53,2002,7300
91.146,53,2002,7300
91.146,53,2002,7300
91.467,53,2002,7300
91.467,53,2002,7300
91.467,53,2002,7300
91.467,53,2002,7300
91.467,53,2002,7300
91.467,53,2002,7300
91.467,53,2002,7300
91.467,53,2002,7300
91.467,53,2002,7300
91.467,53,2002,7300
91.467,53,2002,7300
91.467,53,2002,7300
91.467,53,2002,7300
91.467,53,2002,7300
91.718,53,2002,7300
91.718,53,2002,7300
91.718,53,2002,7300
91.718,53,2002,7300
91.718,53,2002,7300
91.718,53,2002,7300
91.718,53,2002,7300
91.718,53,2002,7300
91.718,53,2002,7300
91.718,53,2002,7300
91.718,53,2002,7300
91.718,53,2002,7300
91.718,53,2002,7300
91.718,53,2002,7300
91.718,53,2002,7300
91.774,53,2002,7300
91.774,53,2002,7300
91.774,53,2002,7300
91.774,53,2002,7300
91.774,53,2002,7300
91.774,53,2002,7300
91.774,53,2002,7300
91.774,53,2002,7300
91.774,53,2002,7300
91.774,53,2002,7300
91.774,53,2002,7300
91.774,53,2002,7300
91.774,53,2002,7300
91.774,53,2002,7300
91.774,53,2002,7300
91.837,53,2002,7300
91.837,53,2002,7300
91.837,53,2002,7300
91.837,53,2002,7300
91.837,53,2002,7300
91.837,53,2002,7300
91.837,53,2002,7300
91.837,53,2002,7300
91.837,53,2002,7300
91.837,53,2002,7300
91.837,53,2002,7300
91.837,53,2002,7300
91.837,53,2002,7300
91.837,53,2002,7300
91.837,53,2002,7300
91.927,53,2002,7300
91.927,53,2002,7300
91.927,53,2002,7300
91.927,53,2002,7300
91.927,53,2002,7300
91.927,53,2002,7300
91.927,53,2002,7300
91.927,53,2002,7300
91.927,53,2002,7300
91.927,53,2002,7300
91.927,53,2002,7300
91.927,53,2002,7300
91.927,53,2002,7300
91.927,53,2002,7300
91.927,53,2002,7300
92.031,53,2002,7300
92.031,53,2002,7300
92.031,53,2002,7300
92.031,53,2002,7300
92.031,53,2002,7300
92.031,53,2002,7300
92.031,53,2002,7300
92.031,53,2002,7300
92.031,53,2002,7300
92.031,53,2002,7300
92.031,53,2002,7300
92.031,53,2002,7300
92.031,53,2002,7300
92.031,53,2002,7300
92.031,53,2002,7300
92.097,53,2002,7300
92.097,53,2002,7300
92.097,53,2002,7300
92.097,53,2002,7300
92.097,53,2002,7300
92.097,53,2002,7300
92.097,53,2002,7300
92.097,53,2002,7300
92.097,53,2002,7300
92.097,53,2002,7300
92.097,53,2002,7300
92.097,53,2002,7300
92.097,53,2002,7300
92.097,53,2002,7300
92.219,53,2002,7300
92.219,53,2002,7300
92.219,53,2002,7300
92.219,53,2002,7300
92.219,53,2002,7300
92.219,53,2002,7300
92.219,53,2002,7300
92.219,53,2002,7300
92.219,53,2002,7300
92.219,53,2002,7300
92.219,53,2002,7300
92.219,53,2002,7300
92.219,53,2002,7300
92.219,53,2002,7300
92.219,53,2002,7300
92.307,53,2002,7300
92.307,53,2002,7300
92.307,53,2002,7300
92.307,53,2002,7300
92.307,53,2002,7300
92.307,53,2002,7300
92.307,53,2002,7300
92.307,53,2002,7300
92.307,53,2002,7300
92.307,53,2002,7300
92.307,53,2002,7300
92.307,53,2002,7300
92.307,53,2002,7300
92.307,53,2002,7300
92.307,53,2002,7300
92.376,53,2002,7300
92.376,53,2002,7300
92.376,53,2002,7300
92.376,53,2002,7300
92.376,53,2002,7300
92.376,53,2002,7300
92.376,53,2002,7300
92.376,53,2002,7300
92.376,53,2002,7300
92.376,53,2002,7300
92.376,53,2002,7300
92.376,53,2002,7300
92.376,53,2002,7300
92.376,53,2002,7300
92.376,53,2002,7300
92.416,53,2002,7300
92.416,53,2002,7300
92.416,53,2002,7300
92.416,53,2002,7300
92.416,53,2002,7300
92.416,53,2002,7300
92.416,53,2002,7300
92.416,53,2002,7300
92.416,53,2002,7300
92.416,53,2002,7300
92.416,53,2002,7300
92.416,53,2002,7300
92.416,53,2002,7300
92.416,53,2002,7300
92.416,53,2002,7300
92.462,53,2002,7300
92.462,53,2002,7300
92.462,53,2002,7300
92.462,53,2002,7300
92.462,53,2002,7300
92.462,53,2002,7300
92.462,53,2002,7300
92.462,53,2002,7300
92.462,53,2002,7300
92.462,53,2002,7300
92.462,53,2002,7300
92.462,53,2002,7300
92.462,53,2002,7300
92.462,53,2002,7300
92.510,53,2002,7300
92.510,53,2002,7300
92.510,53,2002,7300
92.510,53,2002,7300
92.510,53,2002,7300
92.510,53,2002,7300
92.510,53,2002,7300
92.510,53,2002,7300
92.510,53,2002,7300
92.510,53,2002,7300
92.510,53,2002,7300
92.510,53,2002,7300
92.510,53,2002,7300
92.510,53,2002,7300
92.510,53,2002,7300
92.520,53,2002,7300
92.520,53,2002,7300
92.520,53,2002,7300
92.520,53,2002,7300
92.520,53,2002,7300
92.520,53,2002,7300
92.520,53,2002,7300
92.520,53,2002,7300
92.520,53,2002,7300
92.520,53,2002,7300
92.520,53,2002,7300
92.520,53,2002,7300
92.520,53,2002,7300
92.520,53,2002,7300
92.520,53,2002,7300
92.484,53,2002,7300
92.484,53,2002,7300
92.484,53,2002,7300
92.484,53,2002,7300
92.484,53,2002,7300
92.484,53,2002,7300
92.484,53,2002,7300
92.484,53,2002,7300
92.484,53,2002,7300
92.484,53,2002,7300
92.484,53,2002,7300
92.484,53,2002,7300
92.484,53,2002,7300
92.484,53,2002,7300
92.484,53,2002,7300
92.429,53,2002,7300
92.429,53,2002,7300
92.429,53,2002,7300
92.429,53,2002,7300
92.429,53,2002,7300
92.429,53,2002,7300
92.429,53,2002,7300
92.429,53,2002,7300
92.429,53,2002,7300
92.429,53,2002,7300
92.429,53,2002,7300
92.429,53,2002,7300
92.429,53,2002,7300
92.429,53,2002,7300
92.429,53,2002,7300
92.403,53,2002,7300
92.403,53,2002,7300
92.403,53,2002,7300
92.403,53,2002,7300
92.403,53,2002,7300
92.403,53,2002,7300
92.403,53,2002,7300
92.403,53,2002,7300
92.403,53,2002,7300
92.403,53,2002,7300
92.403,53,2002,7300
92.403,53,2002,7300
92.403,53,2002,7300
92.403,53,2002,7300
92.338,53,2002,7300
92.338,53,2002,7300
92.338,53,2002,7300
92.338,53,2002,7300
92.338,53,2002,7300
92.338,53,2002,7300
92.338,53,2002,7300
92.338,53,2002,7300
92.338,53,2002,7300
92.338,53,2002,7300
92.338,53,2002,7300
92.338,53,2002,7300
92.338,53,2002,7300
92.338,53,2002,7300
92.338,53,2002,7300
92.292,53,2002,7300
92.292,53,2002,7300
92.292,53,2002,7300
92.292,53,2002,7300
92.292,53,2002,7300
92.292,53,2002,7300
92.292,53,2002,7300
92.292,53,2002,7300
92.292,53,2002,7300
92.292,53,2002,7300
92.292,53,2002,7300
92.292,53,2002,7300
92.292,53,2002,7300
92.292,53,2002,7300
92.292,53,2002,7300
92.235,53,2002,7300
92.235,53,2002,7300
92.235,53,2002,7300
92.235,53,2002,7300
92.235,53,2002,7300
92.235,53,2002,7300
92.235,53,2002,7300
92.235,53,2002,7300
92.235,53,2002,7300
92.235,53,2002,7300
92.235,53,2002,7300
92.235,53,2002,7300
92.235,53,2002,7300
92.235,53,2002,7300
92.235,53,2002,7300
92.177,53,2002,7300
92.177,53,2002,7300
92.177,53,2002,7300
92.177,53,2002,7300
92.177,53,2002,7300
92.177,53,2002,7300
92.177,53,2002,7300
92.177,53,2002,7300
92.177,53,2002,7300
92.177,53,2002,7300
92.177,53,2002,7300
92.177,53,2002,7300
92.177,53,2002,7300
92.177,53,2002,7300
92.118,53,2002,7300
92.118,53,2002,7300
92.118,53,2002,7300
92.118,53,2002,7300
92.118,53,2002,7300
92.118,53,2002,7300
92.118,53,2002,7300
92.118,53,2002,7300
92.118,53,2002,7300
92.118,53,2002,7300
92.118,53,2002,7300
92.118,53,2002,7300
92.118,53,2002,7300
92.118,53,2002,7300
92.118,53,2002,7300
92.068,53,2002,7300
92.068,53,2002,7300
92.068,53,2002,7300
92.068,53,2002,7300
92.068,53,2002,7300
92.068,53,2002,7300
92.068,53,2002,7300
92.068,53,2002,7300
92.068,53,2002,7300
92.068,53,2002,7300
92.068,53,2002,7300
92.068,53,2002,7300
92.068,53,2002,7300
92.068,53,2002,7300
92.068,53,2002,7300
92.030,53,2002,7300
92.030,53,2002,7300
92.030,53,2002,7300
92.030,53,2002,7300
92.030,53,2002,7300
92.030,53,2002,7300
92.030,53,2002,7300
92.030,53,2002,7300
92.030,53,2002,7300
92.030,53,2002,7300
92.030,53,2002,7300
92.030,53,2002,7300
92.030,53,2002,7300
92.030,53,2002,7300
92.030,53,2002,7300
92.011,53,2002,7300
92.011,53,2002,7300
92.011,53,2002,7300
92.011,53,2002,7300
92.011,53,2002,7300
92.011,53,2002,7300
92.011,53,2002,7300
92.011,53,2002,7300
92.011,53,2002,7300
92.011,53,2002,7300
92.011,53,2002,7300
92.011,53,2002,7300
92.011,53,2002,7300
92.011,53,2002,7300
91.995,53,2002,7300
91.995,53,2002,7300
91.995,53,2002,7300
91.995,53,2002,7300
91.995,53,2002,7300
91.995,53,2002,7300
91.995,53,2002,7300
91.995,53,2002,7300
91.995,53,2002,7300
91.995,53,2002,7300
91.995,53,2002,7300
91.995,53,2002,7300
91.995,53,2002,7300
91.995,53,2002,7300
91.995,53,2002,7300
91.966,53,2002,7300
91.966,53,2002,7300
91.966,53,2002,7300
91.966,53,2002,7300
91.966,53,2002,7300
91.966,53,2002,7300
91.966,53,2002,7300
91.966,53,2002,7300
91.966,53,2002,7300
91.966,53,2002,7300
91.966,53,2002,7300
91.966,53,2002,7300
91.966,53,2002,7300
91.966,53,2002,7300
91.966,53,2002,7300
91.973,53,2002,7300
91.973,53,2002,7300
91.973,53,2002,7300
91.973,53,2002,7300
91.973,53,2002,7300
91.973,53,2002,7300
91.973,53,2002,7300
91.973,53,2002,7300
91.973,53,2002,7300
91.973,53,2002,7300
91.973,53,2002,7300
91.973,53,2002,7300
91.973,53,2002,7300
91.973,53,2002,7300
91.957,53,2002,7300
91.957,53,2002,7300
91.957,53,2002,7300
91.957,53,2002,7300
91.957,53,2002,7300
91.957,53,2002,7300
91.957,53,2002,7300
91.957,53,2002,7300
91.957,53,2002,7300
91.957,53,2002,7300
91.957,53,2002,7300
91.957,53,2002,7300
91.957,53,2002,7300
91.957,53,2002,7300
91.957,53,2002,7300
91.915,53,2002,7300
91.915,53,2002,7300
91.915,53,2002,7300
91.915,53,2002,7300
91.915,53,2002,7300
91.915,53,2002,7300
91.915,53,2002,7300
91.915,53,2002,7300
91.915,53,2002,7300
91.915,53,2002,7300
91.915,53,2002,7300
91.915,53,2002,7300
91.915,53,2002,7300
91.915,53,2002,7300
91.915,53,2002,7300
91.885,53,2002,7300
91.885,53,2002,7300
91.885,53,2002,7300
91.885,53,2002,7300
91.885,53,2002,7300
91.885,53,2002,7300
91.885,53,2002,7300
91.885,53,2002,7300
91.885,53,2002,7300
91.885,53,2002,7300
91.885,53,2002,7300
91.8